256 1555555551555.

Frithfeld (Amy), 174.

- (1751155511), 178.

85585511 Frogenall (1111Ιί581555), 185,
241.

1111155615, 205.

551551115155511,55115511, Fuluell,
l, 4. 10, 19, 21, 27, 31, 37, 43, 53,
64, 66, 69, 80, 85, 91, 111, 113,
119, 131, 136, 143, 158,161,162,
166, 184, 198, 228.

- manerium (15, 27, 36, 37, 43.

7515511558, 84.
myth 77556 (Mid Meryngton), 8.

(1555555 05555, 193.

Gamhway, 15 (1155655 1156655), 116.
(1565515565, 196.

(15655115, 212.

Gaudy Haughe, 193.

01155 Set, perishe, 051185165, 190.
6155555516, 204.

05555165 (15), 12.

(15561515, 72.

Grindik, 15 (11755655), 156.
Grindon, 210, 213.

Grindon Rigg, 213.

(15151555, 244.

Η5555555, 207.

Η510511155, Η51(1511, 15 (Β11115815555),
49, 185.

Hallerrofe, 241.

Η5115555, 15 (111556 11515655), 162.

Hamsterley, 203.

Harber (11555, 196.

- Η5555, 207.

Η55556615 alias Brome Rigg‚ 294.

Hardewicke, 209.

Hartilpoole, 200.

Harton, Herton, 11, 19, 21, 26, 27,
32, 37, 43, 44, 71, 76, 77, 91, 99,
108,113, 118123, 128135, 139.
141, 146,151, 158, 161, 162,169,
173, 175, 177, 198, 208, 225.

Hasilwell, 203.

Haswell Grange, 209.

Hauerlands (Bellassiis)‚ 120.

Hauthorne‚ 199.

Hawnsard (Wolviston)‚ 130.

Haining Park, Hanynge, 197,

1 1158515855 (Wardley Man. de), 13.

Hob'rn, Hebern, Heberine, Heb·
burn, Hebbome, Hebn, 1, 13,
36, 06, 70, 85, 90, 95, 103, 107,
110, 118, 121, 122,128,136, 139,
141, 144, 145, 160, 162, 165, 169,
176, 178, 180, 197, 208.

Hodleygarth, 190.

Hedworth, 14, 198, 224.

Heghinton, 202, 210, 212.

Η51555165, 192.

Helorokes, 235.

Helymerside, 14.

Herdhouse, 207.

Η5511655,Η55γκ155, Esilden, 1, 5,
7, 13, 19, 25, 48, 61, 69, 74, 77,
89, 101,106,107, 122, 125, 126,
129,131, 138,144,146, 152, 159,
161, 165, 168, 174, 179, 185.

- molendinum ventriticum, 122.

—warenna, 125.

Η55155, 15 (Μ5551586555), 16.

Η55551ί155, 0516Η55551055, 209.

Heswell (Parva), 129.

Hetheworth, Hethworth, 4, 9, 14, 52,
70, 95, 110,123, 166, 143, 166, 175.

Η566, Η5665, 205, 211, 234.

Η566 15 Spen, 88.

Η56655, Η5655, 209, 213.

Hettoncrop, 60.

Heugh’s Close, 190.

Hewmth, Heworthe, Heworths,
Heworthes, Heworthis, 4, 9, 12,
13, 17, 18, 26, 31, 36, 52, 70, 75,
79, 83, 90, 94, 105, 107, 113, 116,
117, 118, 119, 121,127,128, 131,
135, 139, 150156, 159, 164, 168,
170, 173, 176, 178, 210, 231.

-- 5585115 (15, 131.

-— manerium de, 18.

—- molendinum de, 121, 164.

- warenna, 178.

Heworth, Heworde (Nethir), 24, 70,
90, 176, 208, 223.

Heworth Ouer‚ 20, 70, 90, 222,
224.

Hillerokes, 235.

Hildalleeh (Wermouth), 90.

Hilden (Fulwell), 143.

Hilhoughe, 203.

 

