· annx 07 mons, 261

17611611611111761166111), 175.

Wallesend, 'Wnlleshend, 776116-
sende, 17111661117761166111, 9, 17,
20, 27, 36, 70, 79, 83, 85, 93, 105,
107,]13,114, 116, 118, 126, 128,
131, 136, 145,155,158, 159, 161,
165, 170, 172, 173, 174, 175, 178,
184, 208, 247.

- piscaria, 118.

—molendinum 145, 170, 173,

7761116111, 210.

1761611611, Warknoll (Pitting‘oon),

Wardlye, Wardelay, Wardleye,
Wardley, Wardly, 12, 31, 121,
164,198,208.

— manerium, 12, 121.

- vivarium, 121.
Watermanland (Hedworth), 14.

Welhened, 16 (Fery), 186.

Welleleche, 11.

Wellinges, 202.

Were (piscaria), 162.

1761616111, 7761116111, 1761111111,
7761116111, 7761111611, 4, 10, 18,
19, 20, 26, 27, 31, 32, 37, 43, 52,
64, 66, 69, 80, 84, 85, 90, 98, 105,
108,110,117,118, 119, 127, 131,
135, 143, 145, 150, 156, 158, 162,
166,169,171, 175, 177, 180, 184,
198208, 229.

1766111616 (17661 11611161), 50.

Westlangthorp (17611611 Bewley),
29.

Westmer. See Merington.

77661616 (and 166 7711166161), 198,
208, 226.

7766111611161. See Raynton.

Westn'ding, 235.

Westynit(16dmundbyres), 65.

7761161661, 16, 77611616616, 7761161-
1161177611611161 (Billingham), 68,
79, 81, 93, 96, 128.

176116116161, 241.

7761161161, 16 (Billingham), 161,
162,177.

Whitburnaway,Suthleche juxta,184.

white Hall, 204.

Whithalgh, 164.

Whitmalland (Willington), 139.

1711116111, 212.

Willing‘oon, Willyngton, Wilyngton,
Wyllington, Wyllyng‘oon, Wyl·
113161, Wyuelington, Wyveling-
161, 4, 9, 20, 27, 36, 70, 83, 85,
90, 94, 98, 105, 107, 116, 118, 128,
139, 142, 145, 156,170, 172,173,
184, 185, 208.

Windlestone, Wyndelsdon Wyndel-
1661611, Wyndellesdon, 41, 52,
55. 60,104.

Windy Hilles, 195.

Wiringes, le (Shields), 32.

1711161 (1111611, 196, 212.

Wiuestowe, Wyestowe, Wyuestou,
Wyuestow, Wyuestowe‚ 171166-
tWQMRQQQQQ
38, 43, 44, 49, 53, 67, 69, 71, 75,
80, 91, 99, 108, 111,117,118,119,
122, 127, 131, 135,136,137,139,
141, 145, 151, 156,158,160,166,
170,175, 178, 180, 182, 185.

- capella, 160.

——- manerium, 170.

- molendinum, 38, 146.

77616161, 1761166161, 7761116161,
7761166161, 7761116161, 176111166-
161,771111116161,176161616, 2, 12,
17, 19, 22, 27, 29, 34, 40, 46, 53,
57, 58, 63, 66, 68, 72, 73, 76, 77,
79, 81, 97, 101, 104, 109, 111, 120,
123, 124, 128, 130,133,135,139,
140, 144, 147, 154,163,166,170,
172, 173, 182, 210, 244.

—— capella Magdalinae‚ 246.

—— molendinum, 182.

Woodhole, 235.

Woodholm, 202.

7766161, 250.

7111161111, 202.
1116161 (7711166111), 136.
71661616, 204.

 

