280 6661611666616.

1166611116666, 116661161166166, 21,
92, 109, 115, 169.

-—- Will., 72.

- Agn’ uxor ojus, 72.

1161616660, 11166166, 194.

1161611116, Thomas, 243.

11660666, 176.

11661666, 1116, 167.

116666, Elias, 36, 121, 137.

-1611,45, 56, 85, 86, 94, 95, 126.

- 166106 uxor 1611, 85, 86, 94, 95.

1166, 11666, 1163166Ιο66 061, 2.

- 11111. 061, 49, 94, 127, 145, 148,
156, 167, 172, 185, 193, 195.

-1611 061, 58, 68, 102, 126, 130,
172, 174.

-- 4111616 uxor Will., 127.

- 1106610, 191, 195.

- 11161666, 204, 205.

1166066, Thomas, 207, 232.

1161661111111, 29, 40, 51, 79, 110,

- 0661116, 143.
11666610666, 11616610666, Hug., 27,

36.
- 1116, 31, 84.
11666166, 1611. 06, 61, 62, 75, 77, 89,
106, 126, 152, 165,168.
- 1161). 06, 145.
-1611 fil. 1611, 168.
- 11111. 06, 168.
1166011660, Tho, 243.
Reddyng,Redding, 1611. (16, 118‚164.
11606, 116606, symon, 192, 193.
- Will., 206.
1160661666,1611, 19.
· Rodhough, Petrus 061, 174.
1160111106, Agnes, 10.
11606611111611, 155, 180.
-- Alicio uxor 1611, 180.
- 1116. 06, 180.
Rog’i, Hug., 90.
Reid, Joh.‚ 36, 37, 64, 98, 99, 110,
111, 136160, 162, 165, 169, 177.
Ι1616611, 11111. 06, 90.
11666110, 11111, 134.
Revely, 1166616116οη 212.
-— Rouph, 212.
- 06618166, 213.

Revoly, Κ611161166, 214.

- Morg„ 214.

Rey, Anthony, 247.

- 1116610116, 247, 248.

11666166, 1160. 06, 3.

11161610666, Ryohardson, 111661. fil.
Gilb. (de Billinghom1 138.

- 16116, 190, 192, 235.

- Thomas, 202.

1110666, Anthony, 229.

—— Will., 230.

- 116066, 233.

- Tho, 233.

11161666, Α6111., 230.

1116116666, 1166116666, 011661, 191.

-- John, 192, 193.

11116611, 1111166611, Hugo 06, 34, 81.

1116611, 11111. 06, 135.

111166, 11111. 06, 139.

Robinsdoughter, 61.

Robinson, Thom., 180.

—- 1611, 190, 193, 237.

- 116066, 192.

—- 11611611, 198, 218.

— Georgius, 199.

— 11066, 218, 227, 238.

- Bryan, 238, 250.

- Will., 238.

Robson‚ 11611, 142, 152, 174.

- 11611616, 1116111611, 152.

1160, 11600, cristiana, 46.

-1611, 54.

11601661, 1161611, 192, 194.

Rogerson, 1116616, 21, 53, 65.

- 1161161116, 23.

- Will., 64, 65.

11616, 111661 , 108, 131,141.

Roiko, 1116, 40.

Rois, 1611, 100, 141.

—- Will., 101.

— Agn’ 6161611611, 141.

Rokeby, 16, 208.

1166, 1611, 4.

11666, 11661111, 35.

- 11111, 35.

— Robert, 233, 250.

116111, 1116, 54.

1161116611, 1116. , 223.

1166111618, 0661116, 61.

 

