260 INDEX OF PLACES.

8611616, 86116166, 86116116, 861161166,
811616, 8116166, 8116116, 81161166, 5,
10, 18, 19, 25, 27, 28, 32, 38, 44,
47, 53, 55, 65, 69, 71, 76, 78, 85,
91, 100, 106, 108, 111, 114, 119,
122,131,137,141, 143, 146, 151,
157,158,160, 161, 162, 166170,
173, 175, 181,184, 198. ’

866011161106 (Β6116616 Μ61. de),

8606’ (scotland), 5, 69.

8601, 42.

8601661161666 (116166), 180.

8601666166, 211.

86011666066661Η66161111), 15.

8116166616661Η66101111), 15.

8116616101111, 209.

811616 Heughe‚ 198, 208.

811616 Μ1166, 199.

81161016-1161618616), 169.

81161016 (Μ1166616), 179.

8161610166 8. 666 Ηο666, 209, 248.

8116111106, 209.

8111611166, 8111616166, 207, 216,

8616116116, 203.

8110161006, 81011661006, 206, 213.

81166,170.

811166101111, 199.

8116016661, 131.

8116116 without the 111166101611616,

811116, 147.

Skirninghnm, 200.

816116 Α616, 193.

811166616 (piscaria), 159.

8116110611616, 191.

8161116616, 16 (1161101), 152.

8616161666 (11766106), 38.

Smythepok' (Spennymoor), 69.

Smithborn, 16 (Ν611161-Η6101111),
176.

801111 1116166, 204.

- 811661 (numam), 102.

8011116111, 8111161111, 8111111111,
8111161611, 8111161611, 8611611,
8611111111, 8061116116116, 4, 10, 19,
24, 27, 31, 36, 37, 43, 64, 71, 80,
85, 91, 106, 108, 110, 117, 119,
121, 125, 131, 136, 141,145, 150,

160,162,165,166, 168, 169, 171,
177, 178, 180, 184, 227.
8061116111,11016161116166,162, 177.
86161161110166, 201.
8661, 16.
86666611016, Spennyngmour, 23, 24,
60, 65, 205.
8611116, 86111611 Haugh, 196, 212.
8161161666 (161101), 145.
816111116617611606111), 180.
81666106, 8161111106, 201, 212.
81666610666, 16 (8611116111, 91.
816116116611 (8661666001), 60.
8101116616 (8660661666), 164.

ς 81011616 Β616666111 Ρο16, 203.

81016616, 196, 207.
Sub Prior Medow, 235.
86661611, 198, 208.
8616611666, 118, 199.

6 86111161 (Billingham), 186.
· 8616166116 (juxto. Whitburnaway),

184.
81611661 (8011111611), 141.
8161106 Leis, 192.
Sydegate, 194.
86160166166, 198.

Τ66Α (111161 Teos), 44, 139.
Thickley, 211.

Τ11011106, 213.

Τ11016 juxta 86116106, 199.
Τ16661Ηο166, 213.
Το6011666, Todow, 69, 171.
Tuddy (ten. de), 202.

Γ111611 (Ν61106 Κ61106), 95.
Twedmoth, 212.

Τ611110111, 213.

Twisell, 213.

Τ616,Τ166, Tine, 13, 44, 197, 223.
Τ666161, 16 (8011111101), 162.
Τ66661106111, 172.

1116666166, 204.
0666101111, 1161101111, 31, 127.
- Magna, 31, 127.

1111661606, 236.
Vnthank, 213.

WAnnYnnnnn, 204.
Wakerfeld, 203.

 

